T(k)
50.065234
50.061135
50.061246
50.333151
50.087105
50.216300
50.067066
50.089147
50.092906
50.067216
50.291872
50.084480
50.313013
50.087755
50.310298
50.289258
50.319345
50.069841
50.060964
50.076544
50.335115
50.318183
50.068157
50.062578
50.313163
50.066384
50.338271
50.086402
50.061524
50.082676
50.077154
50.077225
50.315427
50.370240
50.065853
50.323412
50.356435
50.093626
50.065823
50.090419
50.081663
50.286482
50.066975
50.060903
50.064171
50.308262
50.094747
50.087624
50.366433
50.079508
50.325705
50.336156
50.194767
50.079257
50.333722
50.326166
50.339462
50.349550
50.345233
50.367265
50.326597
50.305828
50.280670
50.088846
50.382805
50.296930
50.310637
50.085929
50.310467
50.317919
50.350743
50.329693
50.333058
50.337789
50.401548
50.315326
50.294986
50.339371
50.430624
50.358418
50.091359
50.074558
50.095407
50.093024
50.084235
50.084657
50.348778
50.297491
50.082683
50.399463
50.317960
50.332146
50.331546
50.425744
50.341173
50.241605
50.339750
50.350522
50.344319
50.323389
50.350772
50.342846
50.070440
50.074938
50.081870
50.094094
50.318260
50.298011
50.314872
50.316445
50.415785
50.383983
50.332747
50.303752
50.090116
50.365289
50.330582
50.321155
50.347505
50.089835
50.413711
50.357624
50.084395
50.242736
50.273203
50.368875
50.067001
50.081579
50.076970
50.063074
50.096027
50.101696
50.081870
50.337345
50.323548
50.089664
50.092620
50.081779
50.334420
50.326814
50.079385
50.339308
50.330542
50.339769
50.343026
50.348194
50.335991
50.356210
50.250529
50.102708
50.092900
50.443726
50.311995
50.307778
50.311535
50.312697
50.355289
50.314941
50.340479
50.334118
50.397919
50.100915
50.346110
50.351110
50.410202
50.092317
50.342122
50.066880
50.059455
50.061890
50.080335
50.190794
50.083432
50.266909
50.087699
50.303879
50.310402
50.327024
50.328336
50.328004
50.330761
50.334798
50.697047
50.343234
50.345078
50.082769
50.342352
50.357971
50.333896
50.085715
50.161668
50.100091
50.092698
50.339658
50.298919
50.081136
50.296845
50.318376
50.317535
50.352331
50.322344
50.285764
50.335919
50.420450
50.345959
50.306843
50.356689
50.408747
50.348303
50.089601
50.146658
50.085283
50.268802
50.192407
50.289129
50.299410
50.314347
50.088740
50.093308
50.090353
50.092827
50.088549
50.328334
50.096634
50.303297
50.082518
50.352198
50.321070
50.343523
50.082407
50.336649
50.340446
50.089791
50.082507
50.347520
50.315559
50.226941
50.101473
50.093156
50.069773
50.347170
50.309988
50.310389
50.083770
50.312424
50.089399
50.329324
50.083979
50.327631
50.071084
50.449744
50.314707
50.332140
50.085191
50.347469
50.060184
50.434625
50.320818
50.325417
50.354483
50.100029
50.084570
50.412313
50.307963
50.310359
50.331559
50.389438
50.092615
50.072767
50.078707
50.322702
50.331337
50.086734
50.322060
50.332790
50.240756
50.083988
50.315418
50.353319
50.310227
50.439513
50.087385
50.292443
50.091924
50.409446
50.298876
50.344301
50.319575
50.302041
50.096742
50.299426
50.090068
50.299598
50.089257
50.302883
50.321309
50.079959
50.075221
50.301219
50.340215
50.354661
50.199968
50.350042
50.323572
50.147427
50.102974
50.096280
50.398744
50.307361
50.091360
50.306610
50.319794
50.313443
50.385619
50.084538
50.086932
50.340103
50.335493
50.086322
50.341355
50.398795
50.343149
50.295598
50.337007
50.425656
50.190428
50.095118
50.098733
50.477714
50.089045
50.303843
50.370410
50.088505
50.315505
50.077624
50.295057
50.327117
50.293013
50.086220
50.326096
50.084687
50.326637
50.321647
50.349019
50.381711
50.353236
50.354539
50.106788
50.101629
50.092381
50.406417
50.295186
50.084346
50.315976
50.318520
50.321576
50.388313
50.339360
50.330102
50.284576
50.438649
50.340943
50.352044
50.349980
50.416006
50.316385
50.113129
50.101237
50.066922
50.062514
50.060640
50.379957
50.299192
50.352665
50.066210
50.320564
50.080708
50.331415
50.337625
50.148867
50.061914
50.081779
50.239600
50.351042
50.353987
50.316825
50.341543
50.371179
50.078232
50.081810
50.235180
50.342324
50.088683
50.097339
50.095646
50.401787
50.402820
50.313128
50.080226
50.089665
50.082170
