T(k)
40.069181
40.063511
40.064472
40.065665
40.065804
40.050196
40.062588
40.064953
40.067458
40.064141
40.070203
40.064693
40.063350
40.065504
40.063911
40.068119
40.065634
40.063701
40.065524
40.063510
40.064863
40.020989
40.063641
40.065474
40.068189
40.066646
40.065384
40.066756
40.065284
40.064202
40.062689
40.065684
40.063830
40.067107
40.061848
40.062638
40.064301
40.065144
40.065223
40.061947
40.064733
40.065604
40.062879
40.077066
40.061576
40.077466
40.078058
40.065324
40.069110
40.064562
40.063460
40.064122
40.022722
40.069572
40.064752
40.066406
40.064992
40.064673
40.066014
40.063220
40.062568
40.065053
40.064962
40.065654
40.063550
40.062519
40.063890
40.064762
40.066556
40.063470
40.062899
40.065644
40.065093
40.065003
40.062518
40.061676
40.063961
40.065213
40.063900
40.063520
40.062779
40.067637
40.065814
40.073559
40.068459
40.064562
40.065153
40.064000
40.064141
40.062398
40.062328
40.062287
40.064391
40.063651
40.061596
40.063159
40.063730
40.065834
40.065094
40.061605
40.062147
40.063651
40.064902
40.063259
40.063280
40.062107
40.064020
40.064862
40.062598
40.065153
40.063589
40.065834
40.064391
40.064061
40.065854
40.062939
40.066625
40.064161
40.068589
40.075482
40.063600
40.064321
40.064882
40.064843
40.062537
40.063309
40.064663
40.063529
40.063880
40.062067
40.024475
40.063350
40.062807
40.064131
40.063519
40.061185
40.049713
40.062858
40.063510
40.061856
40.060634
40.062828
40.063600
40.064260
40.063640
40.063299
40.069461
40.082164
40.065443
40.063620
40.075973
40.077586
40.064150
40.079300
40.077936
40.078949
40.064381
40.064070
40.063039
40.062137
40.063008
40.021900
40.064721
40.077656
40.077015
40.077446
40.078087
40.064300
40.079680
40.077005
40.063509
40.077105
40.065664
40.065212
40.063499
40.077316
40.076544
40.080521
40.076965
40.077035
40.077996
40.077035
40.063289
40.064240
40.077826
40.066575
40.077666
40.065292
40.064361
40.046126
40.064842
40.063719
40.065113
40.064470
40.064421
40.063268
40.064251
40.065262
40.078938
40.070423
40.079719
40.077686
40.065212
40.065183
40.076794
40.063849
40.062767
40.063549
40.063289
40.063228
40.063669
40.064801
40.067196
40.067036
40.063839
40.063299
40.075982
40.066715
40.066054
40.064651
40.063779
40.076734
40.064280
40.066044
40.067597
40.064490
40.063138
40.063519
40.064110
40.068338
40.064250
40.063179
40.064430
40.062747
40.068438
40.061405
40.061364
40.063890
40.062476
40.068018
40.080721
40.079189
40.065873
40.077886
40.067065
40.077395
40.062547
40.065522
40.066455
40.046175
40.078617
40.064751
40.064471
40.064771
40.062537
40.076723
40.064220
40.063819
40.063849
40.061896
40.062566
40.061755
40.063940
40.064861
40.062256
40.015417
40.063549
40.065091
40.064701
40.065923
40.064711
40.063729
40.067445
40.067196
40.063969
40.063399
40.062526
40.062617
40.061885
40.061325
40.064240
40.064079
40.065963
40.063478
40.063308
40.065101
40.065893
40.067436
40.063388
40.066003
40.065833
40.063157
40.063589
40.064200
40.063809
40.066003
40.077955
40.065793
40.065182
40.063898
40.064400
40.078107
40.064810
40.063819
40.062507
40.062957
40.063939
40.065171
40.065462
40.062065
40.063438
40.062216
40.063908
40.065171
40.063058
40.063648
40.064280
40.063998
40.063659
40.062476
40.067145
40.063198
40.079067
40.079589
40.063789
40.063418
40.077093
40.071624
40.063839
40.063829
40.062656
40.063709
40.067064
40.066142
40.064080
40.067896
40.069429
40.065061
40.079839
40.065763
40.063768
40.062917
40.025195
40.069630
40.064980
40.064661
40.077644
40.065001
40.064951
40.063829
40.064379
40.063428
40.064590
40.063548
40.063057
40.065261
40.063458
40.070331
40.063678
40.062205
40.064059
40.065111
40.065632
40.063628
40.063868
40.064319
40.065431
40.065963
40.065803
40.064449
40.063819
40.067735
40.065662
40.067465
40.067285
40.079519
40.078195
40.078437
40.077323
40.077575
40.079879
40.078736
40.077453
40.077074
40.078897
40.064399
40.064490
40.067204
40.064089
40.064179
40.063418
40.063016
40.063578
40.064409
40.065933
40.064609
40.061424
40.069780
40.065611
40.064780
40.065061
40.063507
40.069529
40.063668
40.068718
40.074228
40.064429
40.064189
40.062655
40.063308
40.091320
40.062034
40.063858
40.079057
40.063097
40.064560
40.063837
40.063558
40.077664
40.064219
40.063628
40.061904
40.063017
40.064218
40.063718
40.062556
40.061343
40.062115
40.062104
40.061925
40.061473
40.061684
40.062605
40.063357
40.060793
40.061824
40.061994
40.063217
40.076562
40.062686
40.075880
40.077985
40.064149
40.064609
40.064439
40.062645
40.062266
40.064008
40.077834
40.064910
40.077073
40.077103
40.063427
40.064339
40.062736
40.078054
40.077514
40.064429
40.076422
40.063827
40.064439
40.065601
40.088515
40.077373
40.063958
40.065050
40.076972
40.066223
40.066733
40.066833
40.066734
40.064559
40.069318
40.066342
40.063618
40.065340
40.076562
40.066763
40.077273
40.066824
40.065722
40.064098
40.063927
40.064880
40.067915
40.063518
40.062384
40.066152
40.065280
40.064659
40.064709
40.064169
40.064318
40.065030
40.064358
40.063818
40.076631
40.069509
40.081310
40.063457
