T(k)
100.063013
100.061229
100.069636
100.066669
100.064746
100.063504
100.076258
100.061110
100.066990
100.063584
100.063103
100.055849
100.061370
100.063093
100.064255
100.047775
100.072270
100.077330
100.112226
100.287206
100.063384
100.075958
100.077980
100.077530
100.298668
100.071088
100.067792
100.063754
100.063764
100.063834
100.073533
100.391053
100.134548
100.073934
100.074144
100.080987
100.078091
100.346459
100.085636
100.329476
100.090204
100.100414
100.087599
100.082219
100.083591
100.384060
100.237774
100.084012
100.284822
100.085656
100.080374
100.093712
100.071018
100.085886
100.066159
100.437240
100.081858
100.308587
100.104011
100.073171
100.121313
100.081508
100.298368
100.089303
100.278920
100.090205
100.220180
100.328725
100.075296
100.291364
100.293238
100.093780
100.431280
100.150668
100.094312
100.409889
100.087458
100.224118
100.090063
100.296584
100.290864
100.305601
100.368149
100.078643
100.302325
100.326661
100.083021
100.080636
100.292055
100.081107
100.314218
100.336300
100.096345
100.294129
100.088913
100.085695
100.304269
100.079834
100.326352
100.166798
100.086698
100.078812
100.078863
100.082088
100.074625
100.080626
100.080827
100.075567
100.082118
100.079164
100.073312
100.073412
100.074545
100.074935
100.228245
100.075527
100.297676
100.316752
100.077571
100.363270
100.288940
100.326180
100.279172
100.332792
100.345357
100.361507
100.341889
100.307985
100.080507
100.320439
100.093430
100.084624
100.071368
100.083511
100.080246
100.288307
100.331942
100.084043
100.310541
100.086606
100.301635
100.307926
100.335688
100.332643
100.184733
100.215119
100.330248
100.080776
100.084133
100.290513
100.287768
100.318505
100.333574
100.083542
100.289321
100.395642
100.273030
100.289531
100.090314
100.077791
100.088080
100.310160
100.302235
100.314027
100.317685
100.324978
100.327863
100.297085
100.330599
100.096095
100.423344
100.334466
100.305110
100.306584
100.339855
100.340668
100.094032
100.089613
100.443051
100.284772
100.328795
100.296825
100.089742
100.088732
100.075155
100.076779
100.247832
100.294271
100.082560
100.086848
100.082820
100.078312
100.068213
100.090555
100.086567
100.078382
100.075938
100.080065
100.091155
100.074925
100.080566
