T(k)
50.079601
50.074541
50.061195
50.348671
50.085793
50.217652
50.082886
50.084458
50.082887
50.066865
50.291111
50.084510
50.312963
50.087775
50.310278
50.289288
50.319315
50.066975
50.062568
50.082074
50.330907
50.318122
50.068529
50.076323
50.299067
50.082866
50.321769
50.088295
50.078697
50.080261
50.079830
50.078767
50.294598
50.370200
50.083727
50.305558
50.356435
50.093625
50.074630
50.084278
50.151396
50.214094
50.081482
50.075001
50.081002
50.262796
50.094797
50.088676
50.365371
50.088124
50.317049
50.336196
50.176712
50.091110
50.339933
50.326126
50.339493
50.349560
50.345233
50.367235
50.326617
50.305828
50.284437
50.085059
50.382815
50.296950
50.310586
50.087713
50.308724
50.317919
50.350723
50.329692
50.333029
50.337788
50.401619
50.315266
50.295066
50.339341
50.430634
50.358368
50.162754
50.073887
50.083244
50.083796
50.079136
50.081251
50.308030
50.297411
50.084977
50.397149
50.317990
50.332176
50.331566
50.425724
50.341143
50.241625
50.339780
50.350452
50.344339
50.323359
50.350822
50.342846
50.075349
50.161102
50.080838
50.082863
50.239500
50.297931
50.314922
50.316455
50.415755
50.383973
50.332717
50.303792
50.090436
50.364929
50.330612
50.321175
50.347455
50.089855
50.413710
50.357665
50.085567
50.241523
50.273154
50.368955
50.084985
50.076610
50.079815
50.080187
50.116425
50.083933
50.077020
50.306577
50.323498
50.089694
50.092630
50.083542
50.332617
50.326834
50.086528
50.332155
50.330582
50.339749
50.343066
50.348174
50.335981
50.356240
50.250589
50.102638
50.092870
50.443736
50.312015
50.307748
50.311515
50.312696
50.355309
50.314962
50.340459
50.334088
50.397979
50.100885
50.346090
50.351120
50.410222
50.089772
50.344697
50.072090
50.074794
50.145379
50.082158
50.106714
50.085265
50.241902
50.089062
50.303909
50.310462
50.326944
50.328356
50.327984
50.330761
50.334808
50.697087
50.343194
50.345048
50.083270
50.341891
50.357961
50.333916
50.137573
50.109800
50.100071
50.092708
50.339658
50.298919
50.069955
50.308016
50.318396
50.317535
50.352291
50.322344
50.285804
50.335879
50.420490
50.345969
50.306843
50.356629
50.408787
50.348323
50.089571
50.146658
50.074994
50.279101
50.192467
50.289059
50.299420
50.314347
50.088750
50.093308
50.090413
50.092757
50.088539
50.328414
50.096554
50.303317
50.084041
50.350716
50.321009
50.343503
50.084150
50.334906
50.340486
50.089771
50.082096
50.347911
50.315589
50.226961
50.101433
50.093146
50.084441
50.332532
50.309978
50.310369
50.084782
50.311431
50.089430
50.329314
50.085432
50.326168
50.069221
50.451677
50.314627
50.332170
50.086003
50.346667
50.079000
50.415769
50.320878
50.325367
50.354483
50.100079
50.086594
50.410279
50.307913
50.310349
50.331569
50.389458
50.092625
50.081182
50.270593
50.122331
50.331467
50.088417
50.320267
50.332800
50.240766
50.082665
50.316831
50.353239
50.310187
50.439533
50.088858
50.290990
50.091914
50.409455
50.298897
50.344311
50.319555
50.302021
50.072546
50.323612
50.089497
50.300189
50.090249
50.301871
50.321379
50.087203
50.073738
50.295388
50.340235
50.354661
50.199948
50.350042
50.323572
50.147417
50.102974
50.096280
50.398743
50.307342
50.091410
50.306560
50.319794
50.313483
50.385619
50.088846
50.082133
50.340584
50.335533
50.085019
50.342578
50.398804
50.343200
50.295578
50.337027
50.425656
50.190378
50.095137
50.098754
50.477674
50.089085
50.303873
50.370410
50.088495
50.315485
50.078536
50.294145
50.327137
50.293003
50.088244
50.324062
50.084767
50.326567
50.321616
50.349040
50.381701
50.353266
50.354549
50.106778
50.101619
50.092371
50.406427
50.295186
50.084416
50.315906
50.318490
50.321636
50.388303
50.339360
50.330102
50.284546
50.438679
50.340933
50.352054
50.349980
50.410575
50.321786
50.113139
50.101237
50.081300
50.079886
50.073554
50.335343
50.299112
50.352645
50.194884
50.191920
50.082291
50.329811
50.337736
50.069096
50.077503
50.082571
50.302900
50.351132
50.353856
50.316856
50.341523
50.371179
50.093020
50.080998
50.221254
50.342314
50.088663
50.097369
50.067923
50.410203
50.417077
50.318228
50.086148
50.083713
50.086698
