T(k)
50.066120
50.074757
50.061462
50.061581
50.061031
50.063856
50.041022
50.063836
50.069557
50.063054
50.064868
50.068955
50.063115
50.061661
50.060991
50.062262
50.062293
50.062053
50.065649
50.065970
50.063735
50.068094
50.063866
50.065028
50.063896
50.062383
50.076330
50.066240
50.062543
50.017788
50.073434
50.062583
50.075919
50.074215
50.063856
50.074786
50.074736
50.074336
50.075718
50.061571
50.062043
50.062262
50.062854
50.060960
50.063865
50.076139
50.062132
50.061812
50.063144
50.063935
50.062182
50.062243
50.060880
50.017257
50.061821
50.060630
50.060088
50.061331
50.062302
50.061301
50.061340
50.061631
50.065319
50.075106
50.076049
50.075968
50.070838
50.069767
50.063374
50.065097
50.063214
50.062313
50.064526
50.061862
50.062993
50.062833
50.062583
50.060920
50.062984
50.065087
50.064787
50.062954
50.063454
50.074686
50.063314
50.064125
50.075277
50.075127
50.062121
50.076008
50.063565
50.074705
50.062062
50.075376
50.063294
50.063044
50.062402
50.061370
50.062112
50.074956
50.062923
50.074616
50.062322
50.074856
50.061851
50.074374
50.064185
50.074876
50.074856
50.074845
50.075387
50.074465
50.075006
50.074475
50.078222
50.075437
50.074865
50.075747
50.071710
50.075687
50.075247
50.075797
50.076568
50.075708
50.076609
50.075346
50.076639
50.076499
50.061830
50.076508
50.062963
50.061961
50.060839
50.060979
50.062272
50.060678
50.061360
50.061801
50.063714
50.062311
50.062753
50.075466
50.076399
50.077009
50.076619
50.075646
50.075056
50.074775
50.074565
50.075025
50.076058
50.074755
50.063603
50.063484
50.062612
50.075326
50.075096
50.062511
50.067481
50.075717
50.075206
50.075276
50.074444
50.074635
50.075746
50.074324
50.074565
50.062140
50.064085
50.075686
50.076458
50.074314
50.076027
50.062542
50.062381
50.076268
50.062531
50.074785
50.076488
50.075967
50.076318
50.074835
50.076378
50.074514
50.059867
50.062180
50.062111
50.073933
50.076808
50.074795
50.061589
50.060708
50.062932
50.061209
50.061880
50.061189
50.040610
50.060968
50.062591
50.046030
50.062031
50.060828
50.060517
50.060467
50.060077
50.075746
50.075837
50.075375
50.077840
50.076949
50.074754
50.062411
50.074043
50.074794
50.084263
50.075806
50.061910
50.061148
50.061139
50.061679
50.062231
50.061359
50.075275
50.060046
50.075536
50.063563
50.075716
50.063603
50.062691
50.076116
50.076618
50.075746
50.075446
50.063041
50.075666
50.074244
50.061288
50.075656
50.073030
50.075787
50.075515
50.061740
50.064364
50.060076
50.060457
50.060546
50.061229
50.073982
50.074904
50.061819
50.061820
50.061188
50.060847
50.074343
50.065156
50.073421
50.074624
50.062019
50.062150
50.075676
50.062831
50.074744
50.063603
50.075475
50.063733
50.075595
50.075725
50.074594
50.062209
50.075956
50.077539
50.075005
50.074493
50.074723
50.077419
50.076587
50.075655
50.078050
50.077229
50.062831
50.076627
50.063152
50.060276
50.075304
50.076377
50.076667
50.076648
50.076927
50.062961
50.062661
50.075304
50.059655
50.061308
50.066006
50.076608
50.078410
50.075555
50.075825
50.077669
50.065827
50.076747
50.076717
50.068111
50.076908
50.060526
50.063622
50.062008
50.076197
50.063191
50.064774
50.075856
50.066457
50.063873
50.066507
50.065446
50.076386
50.061328
50.061959
50.061648
50.076216
50.075976
50.075845
50.075976
50.075504
50.061769
50.061698
50.060947
50.065365
50.083028
50.061969
50.063071
50.063091
50.074643
50.075454
50.075795
50.076085
50.061368
50.062790
50.062400
50.063561
50.062500
50.075565
50.061858
50.067118
50.061849
50.075324
50.074782
50.075765
50.076657
50.078199
50.072779
50.074613
50.076165
50.075484
50.069924
50.065275
50.062750
50.077408
50.076947
50.063992
50.061227
50.060225
50.063081
50.060736
50.062439
50.066737
50.062379
50.060796
50.062079
50.063471
50.063712
50.063080
50.062629
50.023426
50.060886
50.060806
50.061677
50.060697
50.061808
50.076746
50.075885
50.074762
50.060416
50.075624
50.076717
50.060765
50.062730
50.076205
50.054454
50.062950
50.061146
50.076145
50.062610
50.060916
50.061627
50.075965
50.076175
50.076235
50.077106
50.063000
