T(k)
120.073974
120.049578
120.051632
120.063394
120.064397
120.055569
120.061551
120.066871
120.062342
120.059708
120.062252
120.063695
120.063996
120.061992
120.062362
120.076388
120.062643
120.076520
120.064987
120.076829
120.289321
120.070288
120.066700
120.060238
120.062482
120.313698
120.304801
120.336490
120.058957
120.300412
120.080797
120.110243
120.089404
120.075597
120.349315
120.400110
120.304520
120.342723
120.311082
120.055700
120.346550
120.067551
120.084374
120.084514
120.091348
120.080265
120.207768
120.082861
120.330839
120.369954
120.093010
120.291165
120.325981
120.103219
120.298650
120.082711
120.350096
120.318737
120.320980
120.318396
120.432333
120.090845
120.395171
120.323086
120.175085
120.344455
120.332242
120.083352
120.344866
120.067964
120.118648
120.318367
120.078993
120.334556
120.079686
120.075727
120.352480
120.415290
120.317654
120.223247
120.084284
120.092469
120.080658
120.318957
120.090605
120.093871
120.073023
120.336139
120.085587
120.068114
120.074425
120.069916
120.065759
120.073453
120.068805
120.129749
120.089904
120.349044
120.349185
120.333014
120.301815
120.087770
120.085616
120.319238
120.293409
120.082069
120.080025
120.077561
120.080457
120.379161
120.327643
120.079866
120.079143
120.308618
120.080647
120.301003
120.084414
120.295644
120.220872
120.185155
120.081077
120.085726
120.299601
120.321591
120.301795
120.354815
120.329728
120.367029
120.082500
120.396094
120.407433
120.330530
120.302547
120.365105
120.342511
120.022617
120.102569
120.311303
120.080066
120.351718
120.301485
120.313166
120.339116
120.095845
120.309600
120.081688
120.287318
120.403057
120.341379
120.331140
120.083342
120.324598
120.405711
120.083562
120.074926
120.323436
120.078032
120.293530
120.081308
120.323035
120.085346
120.376477
120.086638
120.075758
120.280544
120.088271
120.088943
