T(k)
30.069296
30.066311
30.063736
30.065349
30.070198
30.065069
30.064838
30.061251
30.064266
30.063025
30.064477
30.063786
30.063375
30.064146
30.062885
30.060309
30.061682
30.065719
30.065299
30.062854
30.064558
30.063244
30.063025
30.062874
30.065379
30.066250
30.065430
30.061941
30.061712
30.068465
30.068475
30.066240
30.066511
30.066421
30.064357
30.072002
30.063675
30.065800
30.064568
30.062423
30.061812
30.067954
30.064236
30.063435
30.062013
30.062543
30.063035
30.063165
30.063474
30.062724
30.062143
30.049749
30.061531
30.063896
30.064628
30.077301
30.062594
30.063334
30.076290
30.075207
30.065559
30.079566
30.076861
30.062994
30.062674
30.062673
30.042335
30.076490
30.076390
30.061170
30.067132
30.073124
30.076750
30.063726
30.063224
30.068605
30.062363
30.076370
30.078233
30.077441
30.065249
30.075938
30.062453
30.063315
30.061761
30.062333
30.065299
30.065319
30.079054
30.077001
30.063535
30.063906
30.061892
30.064146
30.063154
30.062314
30.063525
30.062923
30.062604
30.060971
30.062603
30.066600
30.064938
30.065008
30.061672
30.075147
30.066130
30.077642
30.076379
30.077071
30.079435
30.065619
30.065208
30.067242
30.066721
30.062193
30.064456
30.063645
30.076179
30.077131
30.077843
30.077120
30.077341
30.063936
30.063495
30.074656
30.071290
30.067693
30.064467
30.064116
30.062002
30.063906
30.062452
30.063546
30.064436
30.061993
30.064025
30.063546
30.062052
30.060579
30.075839
30.079455
30.077511
30.063174
30.062633
30.060429
30.062383
30.063034
30.063214
30.063184
30.062734
30.062412
30.061381
30.064066
30.062733
30.062112
30.062834
30.076009
30.070487
30.070298
30.066180
30.067212
30.062313
30.061981
30.063095
30.062703
30.064607
30.063805
30.064537
30.064486
30.064998
30.064527
30.063084
30.064286
30.076891
30.063314
30.065658
30.064577
30.066611
30.062973
30.065228
30.064406
30.064898
30.064105
30.063084
30.064757
30.063395
30.063124
30.061591
30.066260
30.064116
30.063454
30.062523
30.060960
30.062573
30.061841
30.063635
30.064457
30.068594
30.063895
30.063756
30.062903
30.078052
30.065027
30.062383
30.075337
30.063765
30.063285
30.064286
30.064787
30.062302
30.061190
30.076911
30.063885
30.063724
30.060779
30.061181
30.050349
30.064276
30.074516
30.076639
30.076730
30.077200
30.063465
30.062653
30.074625
30.077361
30.079044
30.076089
30.076699
30.063765
30.065238
30.075878
30.070648
30.070298
30.063664
30.064697
30.063194
30.063064
30.061280
30.062372
30.062914
30.061230
30.061681
30.063254
30.061119
30.064196
30.063324
30.062964
30.063354
30.063705
30.063384
30.061420
30.062142
30.064216
30.061901
30.063264
30.062513
30.076219
30.063915
30.076238
30.076910
30.062743
30.063955
30.062463
30.063003
30.061721
30.062763
30.064887
30.061150
30.064927
30.062502
30.075127
30.065167
30.064015
30.076599
30.063595
30.063073
30.060969
30.061681
30.064747
30.064736
30.062062
30.061561
30.062332
30.059456
30.060629
30.062953
30.060809
30.067061
30.064617
30.064416
30.063925
30.063213
30.062914
30.061750
30.063415
30.063514
30.061150
30.062943
30.062562
30.060890
30.060709
30.060829
30.062522
30.060909
30.062172
30.062332
30.059878
30.062051
30.061761
30.062542
30.060158
30.059586
30.061641
30.061891
30.060589
30.063143
30.061450
30.063184
30.063694
30.062032
30.061801
30.075076
30.077320
30.076749
30.078743
30.064126
30.063193
30.062392
30.067812
30.065669
30.061009
30.061661
30.076569
30.076298
30.074545
30.077481
30.076829
30.065979
30.063343
30.061660
30.063825
30.063835
30.076990
30.075867
30.063494
30.061420
30.062492
30.063334
30.063053
30.061831
30.060518
30.063274
30.061430
30.061290
30.062993
30.065658
30.064506
30.064966
30.062042
30.062412
30.060167
30.063554
30.063314
30.076699
30.064245
30.062132
30.074384
30.064506
30.063735
30.076829
30.076458
30.078032
30.077841
30.076609
30.063674
30.075998
30.076318
30.076488
30.077020
30.063734
30.075296
30.063153
30.077752
30.076689
30.063073
30.064896
30.076699
30.078543
30.063153
30.076989
30.076309
30.078612
30.064005
30.061360
30.063594
30.063854
30.062402
30.063534
30.062682
30.061330
30.058785
30.060427
30.061972
30.060528
30.062782
30.061771
30.060538
30.062932
30.091688
30.077149
30.065578
30.064616
30.070426
30.062112
30.062351
30.062071
30.075877
30.063524
30.063364
30.061850
30.060077
30.064285
30.061761
30.074975
30.063995
30.062191
30.074294
30.078632
30.067392
30.065116
30.061941
30.063614
30.077420
30.076779
30.063103
30.062152
30.075676
30.063925
30.066830
30.067731
30.065478
30.069755
30.067721
30.062101
30.062893
30.065447
30.064966
30.062813
30.064355
30.066309
30.064175
30.062502
30.062371
30.061400
30.063383
30.065999
30.064365
30.065678
30.064164
30.062863
30.062011
30.067421
30.066469
30.076769
30.068002
30.067631
30.062832
30.063224
30.065337
30.065267
30.065256
30.064626
30.066169
30.065136
30.064556
30.068272
30.062873
30.063884
30.064485
30.064125
30.068032
30.063413
30.062532
30.062571
30.063534
30.063754
30.061149
30.062973
30.064405
30.062411
30.060528
30.062862
30.064355
30.062251
30.063774
30.067171
30.063533
30.062061
30.065658
30.078081
30.063032
30.064756
30.064686
30.064706
30.065407
30.062942
30.064114
30.062822
30.078231
30.076729
30.063012
30.064616
30.064365
30.064565
30.064405
30.064666
30.076548
30.063113
30.055117
30.061810
30.066730
30.063292
30.063003
30.061890
30.063073
30.062211
30.060748
30.064305
30.067611
30.066559
30.063944
30.064486
30.064214
30.076738
30.065167
30.064786
30.061950
30.070196
30.074014
30.069945
30.065166
30.063303
30.062912
30.063423
30.062902
30.063223
30.065577
30.063303
30.061539
30.061971
30.060708
30.060968
30.062261
30.059635
30.062191
30.063774
30.064164
30.064085
30.061649
30.063063
30.069104
30.065827
30.063323
30.063323
30.062461
30.062081
30.061339
30.064435
30.063092
30.063593
30.063143
30.061920
30.061850
30.060968
30.064034
30.062491
30.061510
30.063152
30.064134
30.077600
30.078502
30.073813
30.064224
30.061890
30.065847
30.065017
30.063082
30.063523
30.062932
30.062170
30.062421
30.062832
30.063984
30.065657
30.065327
30.065687
30.063503
30.063343
30.063353
30.062611
30.062281
30.061419
30.063122
30.062622
30.062381
30.062661
30.062130
30.062882
30.063082
30.062030
30.061309
30.062311
30.062701
30.066939
30.065136
30.062752
30.061589
30.065267
30.064895
30.062291
30.058864
30.061759
30.063413
30.064575
30.061359
30.061649
30.064185
30.064645
30.028707
30.060768
30.060327
30.062020
30.061268
30.059907
30.062160
30.061499
30.060197
30.061109
30.062410
30.062071
30.062240
30.077119
30.062701
30.075816
30.062922
30.061719
30.062311
30.066128
30.064695
30.063072
30.063573
30.064815
30.077449
30.077049
30.063623
30.062521
30.058744
30.060917
30.063052
30.061499
30.016784
30.066399
30.069484
30.063673
30.062400
