T(k)
0.000401
50.077289
50.070747
50.066708
50.078001
50.392035
50.341761
50.158001
50.312365
50.094762
50.064475
50.062952
50.063683
50.076107
50.078042
50.307624
50.087198
50.348363
50.070296
50.064194
50.062381
50.063704
50.086937
50.384962
50.357551
50.310650
50.110282
50.083512
50.092698
50.084993
50.063003
50.062390
50.062432
50.048835
50.316041
50.315140
50.097707
50.096336
50.333234
50.071258
50.064485
50.079503
50.341800
50.096806
50.338835
50.089682
50.069505
50.064225
50.066869
50.278180
50.076608
50.064295
50.076417
50.282227
50.261799
50.079593
50.078101
50.076308
50.063583
50.065798
50.076818
50.078291
50.077961
50.076407
50.078491
50.317344
50.086978
50.101325
50.077470
50.077580
50.073512
50.077379
50.077420
50.076398
50.078291
50.078421
50.077500
50.078181
50.077981
50.078071
50.075947
50.078141
50.078301
50.079074
50.078180
50.077981
50.076188
50.078311
50.077459
50.077640
50.315982
50.071077
50.079374
50.072610
50.330429
50.388930
50.097017
50.348603
50.301304
50.086015
50.082860
50.355166
50.344395
50.096105
50.357170
50.328204
50.355366
50.081288
50.107336
50.100293
50.087479
50.342111
50.303959
50.317865
50.218637
50.326221
50.337893
50.086738
50.323565
50.347853
50.335398
50.295583
50.092768
50.094302
50.096927
50.351229
50.444945
50.087449
50.084814
50.078532
50.076478
50.076088
50.273180
50.077580
50.079113
50.063794
50.064996
50.063143
50.066018
50.077460
50.077429
50.077180
50.077711
50.077450
50.076327
50.489350
50.330410
50.358803
50.087628
50.080086
50.079072
50.073593
50.393669
50.090174
50.083812
50.078532
50.078321
50.060488
50.348523
50.086257
50.079323
50.110713
50.091878
50.367769
50.092679
50.325740
50.099933
50.342933
50.089452
50.316503
50.436090
50.100343
50.102077
50.097697
50.388590
50.294852
50.322714
50.336992
50.087108
50.088000
50.095404
50.087158
50.088321
50.336440
50.093311
50.196094
50.341761
50.091436
50.050229
50.083662
50.342913
50.095934
50.381506
50.378310
50.072030
50.072760
50.354776
50.340809
50.331341
50.097678
50.394271
50.089752
50.095876
50.322413
50.322224
50.337202
50.342663
50.088781
50.087870
50.085365
50.344446
50.306784
50.398088
50.353002
50.072541
50.337902
50.345468
50.384823
50.094913
50.317805
50.241531
50.106836
50.464784
50.332904
50.316172
50.327795
50.087599
50.231593
50.084462
50.242513
50.083832
50.077771
50.084734
50.102618
50.104882
50.220421
50.124890
50.087499
50.304180
50.090675
50.087699
50.092218
50.089002
50.204240
50.097148
50.260798
50.098820
50.348113
50.070317
50.064656
50.076458
50.076648
50.427083
50.081147
50.069115
50.065437
50.456138
50.099251
50.092028
50.095625
50.072691
50.063914
50.314379
50.073232
50.093170
50.092048
50.085907
50.096487
50.091706
50.083412
50.314719
50.322034
50.091728
50.069886
50.338835
50.089483
50.095985
50.086377
50.079725
50.077300
50.078082
50.090866
50.324768
50.087349
50.341010
50.343554
50.457481
50.328616
50.108629
50.088882
50.083392
50.084704
50.360135
50.315011
50.072561
50.100705
50.096267
50.334086
50.095263
50.335790
50.409228
50.300754
50.311022
50.090536
50.391996
50.402957
50.346911
50.308278
50.342502
50.089924
50.069165
50.077792
50.090735
50.262251
50.077741
50.098721
50.438864
50.099763
50.325550
50.098441
50.097818
50.364875
50.336782
50.336961
50.316413
50.099463
50.105533
50.085135
50.418537
50.335299
50.141011
50.440808
50.456929
50.359947
50.097357
50.354356
50.107506
50.086317
50.082090
50.379984
50.098069
50.091276
50.323417
50.325681
50.092990
50.212435
50.303669
50.345799
50.076168
50.065959
50.077100
50.078923
50.357792
50.365676
50.084865
50.077781
50.062382
50.063734
50.063594
50.065448
50.024630
50.062773
50.066520
50.063394
50.061049
50.063194
50.062662
50.062322
50.060609
50.062352
50.063093
50.062703
50.061871
50.067161
50.069726
50.067161
50.042274
50.068564
50.066329
50.068394
50.066490
50.063033
50.063524
50.069987
50.065979
50.066009
50.063974
50.062443
50.063614
50.062823
50.064135
50.063624
50.021826
50.062231
50.032866
50.061341
50.061249
50.061280
50.061821
50.062613
