T(k)
0.000101
30.064626
30.079153
30.274304
30.271298
30.271577
30.076489
30.077129
30.331021
30.092139
30.306444
30.106224
30.099252
30.346911
30.337263
30.089102
30.080296
30.065097
30.063463
30.062623
30.077410
30.076559
30.077551
30.076378
30.077310
30.332293
30.088411
30.300353
30.096557
30.077470
30.068473
30.066960
30.077331
30.077009
30.077431
30.077209
30.394742
30.114481
30.346089
30.303969
30.092349
30.098580
30.403097
30.333596
30.285094
30.083302
30.076528
30.336301
30.087028
30.081078
30.078392
30.075787
30.075818
30.078000
30.078433
30.171619
30.295283
30.340499
30.077951
30.445848
30.123347
30.342913
30.338536
30.426561
30.071709
30.080948
30.078471
30.077641
30.082841
30.086748
30.100774
30.352282
30.320170
30.333476
30.286466
30.084724
30.101426
30.066239
30.277089
30.069235
30.068233
30.077811
30.077700
30.076419
30.077381
30.108198
30.077300
30.084684
30.094843
30.379222
30.080657
30.077089
30.076810
30.076498
30.077241
30.076949
30.077631
30.077200
30.077110
30.077209
30.076389
30.064677
30.077540
30.076809
30.077430
30.076198
30.077381
30.315822
30.095764
30.326703
30.087540
30.064225
30.074635
30.077200
30.141593
30.076027
30.075928
30.076849
30.077871
30.076659
30.077130
30.076208
30.076378
30.076810
30.076378
30.077030
30.077701
30.076920
30.077750
30.076970
30.077261
30.077440
30.077330
30.076990
30.077991
30.077100
30.076800
30.077029
30.077922
30.076960
30.077229
30.077150
30.077221
30.076328
30.077100
30.077951
30.077541
30.078242
30.205994
30.318968
30.325200
30.077050
30.114981
30.077250
30.076419
30.224700
30.340368
30.350708
30.332303
30.443093
30.088902
30.087069
30.298289
30.331953
30.099682
30.085275
30.088552
30.377238
30.412525
30.086759
30.308237
30.441230
30.329979
30.094473
30.095815
30.098370
30.331351
30.359555
30.092009
30.331682
30.091366
30.355477
30.464044
30.089082
30.323728
30.092759
30.348294
30.094833
30.372229
30.389643
30.092809
30.091938
30.336551
30.089844
30.081899
30.321253
30.095394
30.096226
30.265527
30.104682
30.309009
30.337553
30.072511
30.089333
30.089003
30.128206
30.353283
30.346300
30.091307
30.389983
30.325240
30.115733
30.041924
30.078522
30.062432
30.076349
30.077561
30.077621
30.078252
30.076709
30.076559
30.076569
30.077401
30.076408
30.064566
30.079204
30.067151
30.105193
30.077010
30.065608
30.129289
30.077621
30.270997
30.076388
30.077511
30.076930
30.077461
30.077461
30.077441
30.078141
30.319299
30.317585
30.332244
30.328456
30.095645
30.222065
30.088210
30.067903
30.063434
30.077110
30.077240
30.077591
30.303819
30.396806
30.409039
30.334097
30.086097
30.088591
30.077281
30.076138
30.083632
30.324609
30.094643
30.296455
30.086499
30.088791
30.079034
30.329498
30.380235
30.347211
30.337544
30.336220
30.091718
30.313999
30.348184
30.319339
30.242022
30.303599
30.087840
30.318528
30.058354
30.356579
30.092710
30.091177
30.091877
30.353454
30.361860
30.305542
30.391326
30.095565
30.327023
30.301946
30.356059
30.329137
30.094252
30.328927
30.088141
30.346030
30.087820
30.342102
30.311093
30.129980
30.092480
30.318096
30.402957
30.330701
30.088502
30.086938
30.097950
30.312516
30.424218
30.085976
30.346641
30.084724
30.078774
30.338224
30.392217
30.086748
30.092990
30.307406
30.303059
30.341240
30.091487
30.091206
30.342453
30.092009
30.091958
30.161479
30.340099
30.105303
30.368823
30.346370
30.318537
30.361419
30.097047
30.355098
30.110924
30.345077
30.096337
30.341791
30.313368
30.325541
30.340709
30.097048
30.077150
30.120392
30.086177
30.082971
30.433275
30.314811
30.177349
30.344337
30.386827
30.344386
30.107808
30.090215
30.082300
30.321824
30.349095
30.312275
30.343625
30.091939
30.091618
30.370255
30.293419
30.340289
30.096166
30.408208
30.324098
30.093821
30.295073
30.343375
30.137955
30.472249
30.371949
30.463041
30.352152
30.326512
30.336812
30.091637
30.470326
30.091998
30.083102
30.078011
30.077692
30.303178
30.096076
30.380716
30.307356
30.088181
30.100494
30.350188
30.422765
30.091397
30.084213
30.091127
30.345929
30.324499
30.417224
30.087440
30.333556
30.356178
30.438756
30.372740
30.085405
30.141032
30.318146
30.392950
30.360727
30.307456
30.183993
30.088902
30.086057
30.079635
30.063455
30.075797
30.321143
30.077902
30.088080
30.090686
30.088462
30.356981
30.090324
30.082020
30.300624
30.327183
30.313699
30.292278
30.340779
30.320421
30.333696
30.310102
30.088622
30.080076
30.077571
30.085235
30.492106
30.350910
30.315571
30.085416
30.083212
30.295695
30.341571
30.339186
30.351010
30.087429
30.478641
30.092710
30.351099
30.298419
30.344518
30.141892
30.092550
30.309390
30.332544
30.092509
30.090977
30.085776
30.077221
30.317346
30.090164
30.081629
30.076910
30.078332
30.077702
30.076479
30.181478
30.090325
30.314059
30.334929
30.092219
30.088151
30.310131
30.095816
30.356691
30.387468
30.091347
30.096928
30.345468
30.362061
30.399230
30.105383
30.346782
30.086758
30.082380
30.321764
30.090485
30.370597
30.091808
30.080928
30.344627
30.334598
30.086919
30.088051
30.090696
30.352682
30.387307
30.200885
30.347592
30.319971
30.088983
30.097268
30.317977
30.349797
30.400713
30.337193
30.087700
30.070949
30.361108
30.094804
30.433195
30.095475
30.088752
30.091568
30.084364
30.077972
30.078183
30.109872
30.089845
30.294421
30.120914
30.093942
30.085146
30.092940
30.299652
30.306514
30.087741
30.126203
30.221053
30.337313
30.088191
30.357011
30.311654
30.352663
30.207327
30.317705
30.109272
30.344496
30.358494
30.093501
30.371588
30.089413
30.312407
30.305353
30.316674
30.098421
30.315782
30.350658
30.086328
30.093832
30.318899
30.361458
30.318377
30.346592
30.096667
30.232003
30.366049
30.332243
30.094232
30.088632
30.085426
30.288722
30.299531
30.253655
30.332133
30.312336
30.096428
30.101586
30.297758
30.068414
30.096498
30.098400
30.086869
30.337533
30.351400
30.358974
30.325211
30.309240
30.082029
30.071991
30.062673
30.076479
30.063334
30.063315
30.306826
30.236592
30.311795
30.346179
30.122727
30.023429
30.077581
30.078794
30.062282
30.066240
30.066740
30.063846
30.038156
30.062443
30.064185
30.063084
30.061291
30.060528
30.064166
30.062673
30.062162
30.050861
30.062663
30.062412
30.062483
30.061972
30.062352
30.062162
30.037476
30.063524
30.065349
30.061100
30.062572
30.062253
30.061861
30.060539
30.063164
30.067061
30.076339
30.064968
30.064476
30.061040
30.060079
30.062963
30.062633
30.051172
30.063564
30.062954
30.065077
30.063004
30.062433
30.062442
30.075969
30.064336
30.063715
30.065659
30.062362
30.062252
30.063395
30.063965
30.062613
30.062312
30.062603
30.064927
30.064056
30.062753
30.062453
30.062673
30.060819
30.047505
30.063114
30.061390
30.060199
30.062723
30.061420
30.096057
30.063484
30.062252
30.063315
30.062883
